636329911
339867448
163427074
771147425
588121523
403490047
857719412
259576255
838241592
622341795
578636028
909357641
963887442
695478562
411334741
820688068
56525594
530546244
454196695
829912332
509343981
865925445
830277849
719328319
854774819
478967289
769694629
685557516
935023351
356442790
216477300
954746708
799060380
244923672
944089281
804125625
999727984
184537752
366041119
376314067
813726457
576056716
957851117
458041861
172138264
478072645
23850459
361525866
987637669
789070676
876431582
388372378
366582505
692334634
543198019
926491644
465224886
92556587
739519420
766285058
969011821
271643864
335951433
547816884
284432344
444914858
262947024
808660430
852794477
537454512
280126411
850552815
445821972
172419400
822143135
713724575
368268961
312530410
791712200
686561021
269691901
700404571
784870570
916093795
615912836
482669015
260664703
62213035
848146028
545135409
685847842
443563240
246868877
781122929
493282827
959946615
915414555
918703361
324747867
361614075
