62213035
622341795
636329911
636329911
685557516
686561021
685847842
695478562
692334634
700404571
713724575
719328319
739519420
771147425
769694629
766285058
781122929
789070676
784870570
791712200
799060380
804125625
808660430
813726457
820688068
822143135
829912332
830277849
838241592
852794477
850552815
848146028
857719412
854774819
865925445
876431582
909357641
915414555
916093795
918703361
926491644
92556587
935023351
944089281
954746708
957851117
963887442
959946615
969011821
987637669
999727984
163427074
172138264
172419400
184537752
216477300
244923672
246868877
23850459
259576255
262947024
260664703
271643864
269691901
280126411
284432344
312530410
324747867
339867448
335951433
356442790
361525866
361614075
366041119
366582505
368268961
376314067
388372378
403490047
411334741
444914858
445821972
443563240
454196695
458041861
465224886
478072645
478967289
482669015
493282827
509343981
530546244
537454512
543198019
545135409
547816884
56525594
576056716
578636028
588121523
615912836
